1516187730410792112,0
1516187730427901029,1
1516187735978378057,0
1516187735992887973,1
1516187736983565092,1
1516187736988204002,0
1516187738075453996,0
1516187738085870027,1
1516187739075850009,0
1516187739090122938,1
1516187740079382896,0
1516187740184514999,1
1516187741084280014,0
1516187741283612012,1
1516187742078345060,0
1516187742283416986,1
1516187743076545953,0
1516187743383737087,1
1516187744178556919,0
1516187744382142066,1
1516187745177278995,0
1516187745386477947,1
1516187746183562994,0
1516187746388778924,1
1516187747177131891,0
1516187747489244937,2
1516187748276664018,0
1516187748601862907,2
1516187749277725934,0
1516187749591005086,2
1516187750277842044,0
1516187750617714881,2
1516187751296921014,0
1516187751587570905,1
1516187752280930042,0
1516187752698158979,2
1516187753382438898,0
1516187753715670108,2
1516187754375439882,0
1516187754889976024,2
1516187755380280971,0
1516187755889518976,2
1516187756380352020,0
1516187756892977952,2
1516187757381455898,0
1516187757897084951,3
1516187758476615905,0
1516187759002882957,3
1516187759479198932,0
1516187759993341922,2
1516187760482964038,0
1516187761012866020,2
1516187761481730937,0
1516187762088710069,2
1516187762576864957,0
1516187763184647083,1
1516187763577795028,0
1516187764194488048,2
1516187764577523946,0
1516187765284054994,1
1516187765579828023,0
1516187766312273025,1
1516187766581397056,0
1516187767384272098,1
1516187767685414075,0
1516187768678450107,0
1516187768791491031,1
1516187769678231954,0
1516187769914236068,2
1516187770680396080,0
1516187770983202934,1
1516187771692954063,0
1516187771983243942,1
1516187772775607109,0
1516187773777412891,0
1516187774390103101,1
1516187774775580883,0
1516187775386790990,1
1516187775783132076,0
1516187776387217998,1
1516187776801035881,0
1516187777487529993,1
1516187777783719062,0
1516187778513984918,1
1516187778792705059,0
1516187779498291969,1
1516187779877250909,0
1516187780605581045,1
1516187780882606983,0
1516187781807421922,1
1516187781975812911,0
1516187782985624074,0
1516187783982662916,0
1516187784196052074,1
1516187784979434013,0
1516187785985193967,0
1516187786982758045,0
1516187788075627088,0
1516187789090611934,0
1516187790079380989,0
1516187791177995920,0
1516187792176899909,0
1516187793180861949,0
1516187794181658029,0
1516187794510175943,1
1516187795276329040,0
1516187795988168001,1
1516187796278409004,0
1516187796893913984,1
1516187797285511016,0
1516187815489943027,0
1516187815581350088,1
1516187823882467031,0
1516187823903493881,1
1516187830697616100,0
1516187830716816902,1
1516187842088884115,1
1516187842097771883,0
1516187843093772888,0
1516187843118989944,1
1516187844082623958,0
1516187844200781106,1
1516187845084739923,0
1516187845190391063,2
1516187846180715084,0
1516187846220506906,4
1516187847188839912,0
1516187847302133083,2
1516187848195477962,0
1516187848464132070,3
1516187849187927961,0
1516187849527766942,4
1516187850278320074,0
1516187850504025936,3
1516187851295099020,0
1516187851533061981,4
1516187852286384105,0
1516187852641052961,2
1516187874494234085,0
1516187874904803037,4
1516187875681148052,0
1516187876005336999,3
1516187876882143020,0
1516187877219634056,5
1516187877987046957,0
1516187878338167905,5
1516187879183052062,0
1516187879520428895,4
1516187880321506023,0
1516187880728425979,6
1516187881481977939,0
1516187881921495914,6
1516187882597451925,0
1516187883127823114,6
1516187883787270069,0
1516187884291572093,6
1516187884975702047,0
1516187885611870050,4
1516187900884008884,0
1516187900950855970,5
1516187908300143003,0
1516187908419430017,4
1516187915788968086,0
1516187916027221918,4
1516187923703325986,0
1516187923923240900,4
1516187929294775009,0
1516187929412520885,5
1516187930383766889,0
1516187930520262002,6
1516187931403767108,0
1516187931548491001,5
1516187932476200103,0
1516187932707457065,3
1516187933499002933,0
1516187933723359107,4
1516187934595304012,0
1516187934802268981,3
1516187935686908960,0
1516187936007128000,3
1516187936698354005,0
1516187937105451107,4
1516187937809170007,0
1516187938122454881,4
1516187938808063983,0
1516187939198461055,2
1516187939819283962,0
1516187940236046075,2
1516187940953330039,0
1516187941320161104,4
1516187941992445945,0
1516187942423422098,5
1516187942996454000,0
1516187943427772045,3
1516187944096051931,0
1516187944524529933,5
1516187945199053049,0
1516187945609874963,2
1516187946205713987,0
1516187947038953065,5
1516187947274729967,0
1516187947828104972,4
1516187948303363084,0
1516187948980523109,4
1516187949394465923,0
1516187949983831882,3
1516187950396672964,0
1516187951087440013,3
1516187951499788999,0
1516187952186332941,3
1516187952566051959,0
1516187953365567922,3
1516187953588263988,0
1516187954420942068,4
1516187954670949935,0
1516187955497611045,4
1516187955793282032,0
1516187956797730922,2
1516187967813091039,3
1516187967831418037,0
1516187975767030954,0
1516187975847848892,2
1516187983340195894,0
1516187983380367994,2
1516187995423518896,4
1516187995437083959,0
1516187996348086118,0
1516187996444696903,2
1516187997443013906,0
1516187997488662958,3
1516187998458635091,0
1516187998661675930,4
1516187999548955917,0
1516187999680887937,4
1516188000575742959,0
1516188000873795032,4
1516188001771092891,0
1516188002071294069,4
1516188002969055891,0
1516188003276088953,4
1516188004241859912,0
1516188004661976099,4
1516188005568131923,0
1516188006065149068,3
1516188006969528913,0
1516188007446290016,1
1516188008268361091,0
1516188008879812002,3
1516188023233129978,0
1516188023678379058,4
1516188031032394886,0
1516188031607258081,4
1516188039443872928,0
1516188039965188980,2
1516188047754390954,3
1516188047770621061,0
1516188048874172925,0
1516188048969728946,3
1516188050063838958,0
1516188050155373096,1
1516188051263927936,0
1516188051361310958,3
1516188052468699932,0
1516188052647032022,1
1516188053651205062,0
1516188053857893943,2
1516188054881311893,0
1516188055142908096,2
1516188056064639091,0
1516188056341352939,3
1516188057254597902,0
1516188057552524089,3
1516188058455339908,0
1516188058776913881,3
1516188059644067049,0
1516188059965291023,3
1516188060867490053,0
1516188061167010068,2
1516188075143630981,0
1516188075577791929,3
1516188076570051908,0
1516188077092190980,4
1516188077959111928,0
1516188078472198963,3
1516188079439940929,0
1516188079965327978,3
1516188080844224929,0
1516188081562145948,3
1516188082258321046,0
1516188082862127065,1
1516188083704309940,0
1516188084365150928,2
1516188085093122959,0
1516188085857456922,2
1516188086531267881,0
1516188087314224958,2
1516188087958417892,0
1516188088759227037,2
1516188089353238105,0
1516188090161140918,1
1516188090830298900,0
1516188091785641908,2
1516188103848931074,1
1516188103867327928,0
1516188110684357881,0
1516188110751029968,1
1516188111746146917,0
1516188111909354925,2
1516188112779719114,0
1516188112952816009,1
1516188113841203927,0
1516188114848073005,0
1516188115250965118,1
1516188115854772090,0
1516188116275962114,1
1516188116880156040,0
1516188117349739074,1
1516188117939644098,0
1516188118365894079,1
1516188118957221031,0
1516188119460285902,1
1516188119995060920,0
1516188120550460100,1
1516188121038175106,0
1516188121765023946,1
1516188122059640884,0
1516188123044900894,0
1516188123874296903,1
1516188124043288946,0
1516188125076349973,0
1516188125252121925,1
1516188126144522905,0
1516188127164947986,0
1516188127476993083,1
1516188128208667993,0
1516188129247478008,0
1516188139446933031,0
1516188140431302070,0
1516188141431570053,0
1516188142366311073,1
1516188142480196952,0
1516188143452461957,1
1516188143512034893,0
1516188144477401971,1
1516188144546885967,0
1516188145574146032,0
1516188146633848905,0
1516188146684494018,1
1516188147631369113,0
1516188147696434020,1
1516188148692133903,0
1516188148770814895,1
1516188149650741100,0
1516188149817361116,1
1516188150747313022,0
1516188150863884925,1
1516188151747617959,0
1516188151878993988,1
1516188152733263969,0
1516188153205043077,1
1516188153776757001,0
1516188154767028093,0
1516188155844574928,0
1516188156840512037,0
1516188157845108985,0
1516188158863141059,0
1516188159666347980,1
1516188159885355949,0
1516188160846451044,1
1516188160959361076,0
1516188161765885114,1
1516188162029398918,0
1516188162818026065,1
1516188162963277101,0
1516188164031714916,0
1516188165033986091,0
1516188165241318941,1
1516188166063973903,0
1516188166177728891,1
1516188167072525024,0
1516188167178045988,1
1516188168135122060,0
1516188168273364067,1
1516188169213730096,0
1516188169338152885,2
1516188170161452054,0
1516188170376651048,2
1516188171252883911,0
1516188171457890987,2
1516188172217206001,0
1516188172650218009,1
1516188173231152057,0
1516188173664541959,1
1516188174240170955,0
1516188174814596891,2
1516188175253604888,0
1516188175817766904,2
1516188176261683940,0
1516188176909717082,3
1516188177378660917,0
1516188177911494970,3
1516188178362382888,0
1516188178986022949,3
1516188179417315959,0
1516188180273334980,3
1516188180472537040,0
1516188181155390024,3
1516188181438260078,0
1516188182673819065,3
1516188192328998088,2
1516188192359407901,0
1516188198966615915,2
1516188198985498905,0
1516188209926059007,1
1516188209965670108,0
1516188210927707910,2
1516188210978970050,0
1516188211977597951,0
1516188212036809921,2
1516188213013917922,0
1516188213043431043,3
1516188214021619081,0
1516188214065494060,3
1516188215076255083,0
1516188215146770000,3
1516188216032042980,0
1516188216115094900,3
1516188217076977968,0
1516188217197998046,3
1516188218113744020,0
1516188218259427070,3
1516188219077120065,0
1516188219350102901,3
